0001101001
1000001111
0001000111
0101111000011011
010001011
0000110000110011
000010001
1011110111
1100110011
1000011000111
000101111011111
010110001011001
0001000001
01000101101010111
11110110111
0101010101000011
10101111001
1000100011110001011
0100111010000101
00000110111
0000000001
010010000001
0100011
11001011
000100000011011
0100001
10010011100101
1111011100011
100011010101
1111000010011001
111000011001
111011110011001011
110011011011000111
01010111100101
0001100110001111
101011111101
1101111111100111
00100100101101011
000000011
1100100110000001
1000011111001
1011101111
00100000011
01111000010100001
10111101000101
1
000100011
100110001101111
000011001
0010111101011011
111101011011
001000100111011101
1110010000110111
1100101001101
000000001
0011110111111
10011101111011
011000011101011011
1011110001011011
010001111
100111010111001
001010000011
1101110101
0100100100100111001
101111001101
1110011111100110101
0001010101011
001110101011111
00000001
00011101011
00101110011
1111110101100000101
101001011011
01100000110111
0000001010100111101
0100101000101001
11100110101
10110100001
010000101001
001000110011
01101001101001
100111010010101
0111100011
0111101000110011101
100111011100101
11010110100011001
00000001
11010101001101111
0110101101011
1001110100100011
11000110010001011
1001001010101
000000001
0100100100011
0001100011111
0010111101111101
10101110110100111
110110110100011
0000001101010001101
00011001111010011
